14
5
Archbishop Rummel
Evan Bellanger (10th)
Hunter Gveydan (10th)
Luke Hightower (12th)
Cameron Ricks (9th)
9
Baton Rouge Magnet
Santos G.
Matthew Gravois (12th)
Connor H. (12th)
Hannah Hummel (12th)
Rahul Ramajaru (11th)
Alex Tirrell (12th)
Mason Tregre (12th)
Kevin Zhou (11th)
6
C. E. Byrd
Cade Crandall (12th)
Von Klotzbach (12th)
Wyatt McCrary (12th)
Tyler Spivey (12th)
Dylan Tynes (12th)
5
Caddo Magnet
Lilah Estes (10th)
Henry Jones (10th)
Sameer Tirumala (10th)
Laya Tummala (12th)
5
Catholic
Eli Barbin (12th)
Alan Duggar (12th)
Kevin Oubre (12th)
Stewart Roeling (11th)
6
Dutchtown
Daijah Jones (12th)
Bela Peixoto (11th)
Domenic Purdy (12th)
Nicholas Saia (12th)
Kyle Simmons (10th)
5
H. L. Bourgeois
Cade Breaux (11th)
Thomas Krohn (12th)
Samantha Roman (12th)
Justin Youngblood (9th)
6
Jesuit
Matthew Dowling (12th)
Bradley Fugetta (12th)
Michael Owers (12th)
Dexter Webster (12th)
Donald Webster (12th)
7
Lafayette
Patrick Chu (10th)
Alex Malcombe (12th)
Jeff Pham (11th)
Stephen Privat (12th)
Hamood Qureshi (10th)
Charlie Whittenberg (10th)
7
South Lafourche
Jackson Bourgeois (9th)
Megan Chiasson (11th)
Callie Eymard (12th)
Carter Leblanc (12th)
Gracie Leblanc (9th)
Joseph Pitre (12th)
4
St. Paul's
Gabe Gros (10th)
Stephen Millet (12th)
Waleed Sultan (12th)
6
West Monroe
Hudson Hargrave (11th)
Zach Iliff (12th)
Donald Kirk (12th)
Magi Sumpter (12th)
Connor Wiedemeier (12th)
6
Woodlawn
Xavion Adams (11th)
Harrison Breland-Triche (10th)
Logan Byrd (9th)
Dalton Duhe (9th)
Austin Sprunk (11th)
6
Zachary
Jarred Brown (11th)
Caynan Byrd (12th)
Siah Reado (12th)
Logan Thompson (12th)
Mikey Varnado (11th)
49
0
1
4
220
255
20
1
9
120
9
160
0
0
0
0
0
0
2
0.5
1
0
1
0
10
0
1
0
1
0
0
10
4
1
0
3
0
0
30
1
1
2
2
1
0
45
1
0.5
1
0
0
0
15
2
1
2
0
1
0
25
7
1
0
2
0
0
20
3
1
0
2
1
0
15
6
0.5
1
1
0
0
25
-1
0
0
0
0
0
0
0
0.5
0
0
0
0
0
-1
0
0
0
0
0
0
6
0
0
0
0
0
0
-1
0
0
0
0
0
0
7
0
0
0
0
0
0
-1
0
0
0
0
0
0
1
2
0
500
55
20
1
15
320
3
20
0
0
0
0
0
0
0
0.5
0
2
0
0
20
0
1
0
0
0
0
0
1
0.5
0
1
0
0
10
1
1
0
1
0
0
10
2
1
0
0
2
0
-10
2
1
1
1
0
0
25
3
1
4
0
0
0
60
3
1
0
0
0
0
0
4
1
4
4
0
0
100
-1
0
0
0
0
0
0
-1
0
0
0
0
0
0
-1
0
0
0
0
0
0
-1
0
0
0
0
0
0
-1
0
0
0
0
0
0
-1
0
0
0
0
0
0
-1
0
0
0
0
0
0
2
10
7
215
260
20
1
8
120
9
170
0
0
0
0
0
0
0
1
0
1
0
0
10
0
1
0
2
2
0
10
1
1
2
2
0
0
50
1
0.75
1
0
0
0
15
2
1
1
2
0
0
35
2
0.25
1
0
0
0
15
-1
0
0
0
0
0
0
3
1
0
2
1
0
15
-1
0
0
0
0
0
0
4
1
2
1
1
0
35
-1
0
0
0
0
0
0
-1
0
0
0
0
0
0
-1
0
0
0
0
0
0
-1
0
0
0
0
0
0
-1
0
0
0
0
0
0
-1
0
0
0
0
0
0
3
12
11
40
280
20
1
2
20
13
140
0
0
0
0
0
0
0
0
0
0
0
0
0
0
1
0
2
0
0
20
1
1
0
1
0
0
10
1
1
2
1
0
0
40
2
1
0
0
0
0
0
2
0.5
1
0
0
0
15
3
1
0
1
0
0
10
3
1
0
6
2
0
50
4
1
0
0
0
0
0
4
0.5
1
0
0
0
15
-1
0
0
0
0
0
0
-1
0
0
0
0
0
0
-1
0
0
0
0
0
0
-1
0
0
0
0
0
0
-1
0
0
0
0
0
0
-1
0
0
0
0
0
0
4
5
8
120
325
20
1
5
60
12
190
0
0
0
0
0
0
0
0
0
0
0
0
0
2
1
1
3
0
0
45
1
1
0
1
0
0
10
0
1
1
4
1
0
50
2
1
0
0
0
0
0
3
0.5
1
0
0
0
15
3
1
2
1
0
0
40
4
1
2
0
1
0
25
4
1
0
1
0
0
10
1
0.5
0
0
0
0
0
-1
0
0
0
0
0
0
5
0
0
0
0
0
0
-1
0
0
0
0
0
0
-1
0
0
0
0
0
0
-1
0
0
0
0
0
0
-1
0
0
0
0
0
0
5
13
6
300
85
20
1
12
170
5
40
0
0
0
0
0
0
0
0.5
1
0
0
0
15
0
1
0
4
1
0
35
1
1
1
3
0
0
45
1
1
0
1
0
0
10
2
1
2
0
2
0
20
2
1
0
0
0
0
0
3
1
0
4
0
0
40
3
0
0
0
0
0
0
4
0.5
1
0
1
0
10
-1
0
0
0
0
0
0
-1
0
0
0
0
0
0
-1
0
0
0
0
0
0
-1
0
0
0
0
0
0
-1
0
0
0
0
0
0
-1
0
0
0
0
0
0
-1
0
0
0
0
0
0
6
0
1
75
265
20
2
3
50
11
150
0
0
0
0
0
0
0
1
0
0
0
0
0
7
1
0
4
0
0
40
1
1
0
1
0
0
10
3
0.5
0
1
0
0
10
2
1
0
1
1
0
5
2
0.5
0
0
0
0
0
3
1
0
1
0
0
10
6
1
2
2
1
0
45
-1
0
0
0
0
0
0
1
0.5
0
0
0
0
0
-1
0
0
0
0
0
0
5
0.5
0
2
0
0
20
-1
0
0
0
0
0
0
6
0
0
0
0
0
0
-1
0
0
0
0
0
0
7
0
0
0
0
0
0
7
7
11
430
95
20
2
15
270
4
60
0
0
0
0
0
0
0
1
2
2
0
0
50
0
0
0
0
0
0
0
1
1
0
3
0
0
30
1
1
1
0
0
0
15
2
0.5
0
0
0
0
0
2
1
0
1
0
0
10
3
1
2
5
2
0
70
3
1
0
1
1
0
5
4
0.5
0
1
0
0
10
4
1
0
1
1
0
5
-1
0
0
0
0
0
0
-1
0
0
0
0
0
0
-1
0
0
0
0
0
0
-1
0
0
0
0
0
0
-1
0
0
0
0
0
0
-1
0
0
0
0
0
0
8
10
3
90
380
20
2
4
50
13
240
0
0
0
0
0
0
0
1
1
1
1
0
20
0
1
1
4
0
0
55
1
1
0
1
0
0
10
1
1
2
0
0
0
30
2
1
0
1
0
0
10
2
1
0
0
2
0
-10
-1
0
0
0
0
0
0
3
1
3
3
2
0
65
-1
0
0
0
0
0
0
-1
0
0
0
0
0
0
-1
0
0
0
0
0
0
-1
0
0
0
0
0
0
-1
0
0
0
0
0
0
-1
0
0
0
0
0
0
-1
0
0
0
0
0
0
-1
0
0
0
0
0
0
9
6
12
85
140
20
2
6
30
8
60
0
0
0
0
0
0
0
1
0
5
1
0
45
0
1
0
0
0
0
0
1
1
0
1
0
0
10
1
1
1
6
0
0
75
2
1
0
0
0
0
0
2
1
0
0
0
0
0
3
0
0
0
0
0
0
3
1
0
1
1
0
5
-1
0
0
0
0
0
0
4
0
0
0
0
0
0
-1
0
0
0
0
0
0
-1
0
0
0
0
0
0
-1
0
0
0
0
0
0
-1
0
0
0
0
0
0
-1
0
0
0
0
0
0
-1
0
0
0
0
0
0
10
5
4
40
415
20
2
3
20
13
270
0
0
0
0
0
0
0
0
0
0
0
0
0
0
1
1
0
0
0
15
1
1
0
0
0
0
0
1
1
1
2
0
0
35
2
1
0
1
0
0
10
2
1
1
3
1
0
40
3
1
0
0
1
0
-5
3
1
1
4
0
0
55
4
1
0
2
1
0
15
-1
0
0
0
0
0
0
-1
0
0
0
0
0
0
-1
0
0
0
0
0
0
-1
0
0
0
0
0
0
-1
0
0
0
0
0
0
-1
0
0
0
0
0
0
-1
0
0
0
0
0
0
11
9
8
125
315
20
2
5
80
12
190
0
0
0
0
0
0
0
0.5
0
0
0
0
0
0
0.5
1
1
0
0
25
1
1
0
1
0
0
10
1
0.5
0
0
0
0
0
2
0.5
0
0
0
0
0
2
1
1
5
1
0
60
3
1
0
3
0
0
30
3
1
1
2
1
0
30
4
0
0
0
0
0
0
4
0.5
1
0
1
0
10
5
1
0
1
1
0
5
5
0.5
0
0
0
0
0
-1
0
0
0
0
0
0
-1
0
0
0
0
0
0
-1
0
0
0
0
0
0
-1
0
0
0
0
0
0
12
1
2
80
515
20
3
2
60
16
330
0
0
0
0
0
0
0
1
0
0
0
0
0
0
0
0
0
0
0
0
4
1
1
0
0
0
15
1
1
0
0
1
0
-5
6
0.5
0
0
0
0
0
2
1
1
0
0
0
15
7
1
0
1
1
0
5
3
1
4
4
0
0
100
5
0.5
0
0
0
0
0
4
1
2
5
1
0
75
5
0
0
0
0
0
0
-1
0
0
0
0
0
0
6
0
0
0
0
0
0
-1
0
0
0
0
0
0
7
0
0
0
0
0
0
-1
0
0
0
0
0
0
13
13
12
335
30
20
3
13
210
2
10
0
0
0
0
0
0
0
0.5
0
0
0
0
0
0
0
0
0
0
0
0
1
1
0
5
0
0
50
1
1
0
1
0
0
10
2
1
0
3
0
0
30
2
1
0
1
0
0
10
3
1
0
5
0
0
50
3
1
0
0
0
0
0
4
0.5
0
0
1
0
-5
4
1
0
0
0
0
0
-1
0
0
0
0
0
0
-1
0
0
0
0
0
0
-1
0
0
0
0
0
0
-1
0
0
0
0
0
0
-1
0
0
0
0
0
0
-1
0
0
0
0
0
0
14
11
3
150
355
20
3
6
90
12
230
0
0
0
0
0
0
0
1
0
0
0
0
0
0
1
1
1
0
0
25
1
1
0
0
0
0
0
1
1
0
5
0
0
50
2
0.5
0
0
0
0
0
2
1
1
0
0
0
15
3
1
1
5
0
0
65
3
1
1
3
2
0
35
4
0.5
0
0
1
0
-5
-1
0
0
0
0
0
0
-1
0
0
0
0
0
0
-1
0
0
0
0
0
0
-1
0
0
0
0
0
0
-1
0
0
0
0
0
0
-1
0
0
0
0
0
0
-1
0
0
0
0
0
0
15
5
0
195
100
20
3
9
110
5
50
0
0
0
0
0
0
0
0
0
0
0
0
0
0
1
0
1
0
0
10
1
1
1
1
1
0
20
1
1
0
0
0
0
0
2
1
0
3
0
0
30
2
1
0
2
0
0
20
3
1
0
3
0
0
30
3
1
0
2
0
0
20
4
1
0
1
1
0
5
-1
0
0
0
0
0
0
-1
0
0
0
0
0
0
-1
0
0
0
0
0
0
-1
0
0
0
0
0
0
-1
0
0
0
0
0
0
-1
0
0
0
0
0
0
-1
0
0
0
0
0
0
16
7
6
515
15
20
3
17
330
2
0
0
0
0
0
0
0
0
1
0
3
1
0
25
0
1
1
0
1
0
10
1
0.5
0
2
0
0
20
1
1
0
1
1
0
5
2
0.5
0
2
0
0
20
2
1
0
0
0
0
0
3
1
2
5
1
0
75
3
0
0
0
0
0
0
4
1
3
0
0
0
45
-1
0
0
0
0
0
0
-1
0
0
0
0
0
0
-1
0
0
0
0
0
0
-1
0
0
0
0
0
0
-1
0
0
0
0
0
0
-1
0
0
0
0
0
0
-1
0
0
0
0
0
0
17
9
4
85
390
20
3
3
60
13
240
0
0
0
0
0
0
0
0
0
0
0
0
0
0
1
2
0
0
0
30
1
1
0
0
1
0
-5
1
1
0
4
0
0
40
2
1
0
1
0
0
10
2
1
1
3
0
0
45
3
1
1
1
0
0
25
3
1
1
2
0
0
35
4
0
0
0
0
0
0
-1
0
0
0
0
0
0
5
1
0
0
1
0
-5
-1
0
0
0
0
0
0
-1
0
0
0
0
0
0
-1
0
0
0
0
0
0
-1
0
0
0
0
0
0
-1
0
0
0
0
0
0
18
10
11
50
355
20
4
2
40
15
200
0
0
0
0
0
0
0
1
0
0
0
0
0
0
1
0
0
0
0
0
1
1
0
1
2
0
0
1
1
0
1
0
0
10
2
1
0
1
0
0
10
2
0.5
0
0
0
0
0
-1
0
0
0
0
0
0
3
1
1
10
0
0
115
-1
0
0
0
0
0
0
4
0.5
0
3
0
0
30
-1
0
0
0
0
0
0
-1
0
0
0
0
0
0
-1
0
0
0
0
0
0
-1
0
0
0
0
0
0
-1
0
0
0
0
0
0
-1
0
0
0
0
0
0
19
4
8
260
170
20
4
10
180
7
110
0
0
0
0
0
0
0
1
0
0
1
0
-5
0
1
0
2
1
0
15
1
1
0
7
3
0
55
1
0
0
0
0
0
0
2
1
0
1
1
0
5
2
1
1
3
1
0
40
3
1
1
1
0
0
25
3
0.5
0
0
1
0
-5
-1
0
0
0
0
0
0
4
1
0
0
1
0
-5
-1
0
0
0
0
0
0
5
0.5
1
0
0
0
15
-1
0
0
0
0
0
0
-1
0
0
0
0
0
0
-1
0
0
0
0
0
0
-1
0
0
0
0
0
0
20
2
5
385
35
20
4
12
270
2
20
0
0
0
0
0
0
0
1
0
1
1
0
5
0
0
0
0
0
0
0
1
0
0
0
0
0
0
1
1
0
1
0
0
10
2
1
1
0
1
0
10
2
1
0
0
1
0
-5
3
1
2
4
0
0
70
3
1
0
0
0
0
0
4
1
0
4
2
0
30
4
1
0
1
0
0
10
-1
0
0
0
0
0
0
-1
0
0
0
0
0
0
-1
0
0
0
0
0
0
-1
0
0
0
0
0
0
-1
0
0
0
0
0
0
-1
0
0
0
0
0
0
21
13
7
115
330
20
4
4
70
11
220
0
0
0
0
0
0
0
0.5
0
0
0
0
0
0
1
0
1
0
0
10
1
1
0
2
0
0
20
1
1
0
2
0
0
20
2
0.5
0
0
0
0
0
2
0
0
0
0
0
0
3
1
0
0
0
0
0
3
1
0
4
1
0
35
4
1
1
1
0
0
25
4
1
1
3
0
0
45
-1
0
0
0
0
0
0
-1
0
0
0
0
0
0
-1
0
0
0
0
0
0
-1
0
0
0
0
0
0
-1
0
0
0
0
0
0
-1
0
0
0
0
0
0
22
9
0
85
110
20
4
4
60
6
50
0
0
0
0
0
0
0
0
0
0
0
0
0
0
1
0
1
0
0
10
1
1
1
0
0
0
15
1
1
0
0
0
0
0
2
1
0
0
0
0
0
2
1
0
2
0
0
20
3
1
0
1
2
0
0
3
1
0
3
0
0
30
4
0
0
0
0
0
0
-1
0
0
0
0
0
0
5
1
0
2
2
0
10
-1
0
0
0
0
0
0
-1
0
0
0
0
0
0
-1
0
0
0
0
0
0
-1
0
0
0
0
0
0
-1
0
0
0
0
0
0
23
3
6
455
10
20
4
15
310
2
10
0
0
0
0
0
0
0
1
0
2
1
0
15
0
1
0
0
4
0
-20
1
1
1
0
0
0
15
1
1
0
1
0
0
10
2
1
1
4
1
0
50
2
1
0
1
0
0
10
3
1
1
6
2
0
65
3
0
0
0
0
0
0
-1
0
0
0
0
0
0
-1
0
0
0
0
0
0
-1
0
0
0
0
0
0
-1
0
0
0
0
0
0
-1
0
0
0
0
0
0
-1
0
0
0
0
0
0
-1
0
0
0
0
0
0
-1
0
0
0
0
0
0
24
7
12
470
75
20
5
15
300
4
30
0
0
0
0
0
0
0
1
3
4
0
0
85
0
0
0
0
0
0
0
1
0.5
0
0
0
0
0
1
1
0
1
0
0
10
2
1
2
2
0
0
50
2
1
0
1
0
0
10
3
1
0
2
3
0
5
3
1
0
1
0
0
10
4
0.5
2
0
0
0
30
4
1
1
0
0
0
15
-1
0
0
0
0
0
0
-1
0
0
0
0
0
0
-1
0
0
0
0
0
0
-1
0
0
0
0
0
0
-1
0
0
0
0
0
0
-1
0
0
0
0
0
0
25
1
5
295
150
20
5
12
170
7
100
0
0
0
0
0
0
0
0
0
0
0
0
0
0
0
0
0
0
0
0
1
0
0
0
0
0
0
1
1
0
1
2
0
0
2
0.5
0
0
0
0
0
2
1
1
0
2
0
5
3
0
0
0
0
0
0
3
1
0
2
0
0
20
4
1
1
4
0
0
55
4
1
0
3
1
0
25
5
1
0
3
0
0
30
-1
0
0
0
0
0
0
6
0.5
0
0
0
0
0
-1
0
0
0
0
0
0
7
1
0
4
0
0
40
-1
0
0
0
0
0
0
26
3
13
485
160
20
5
14
310
6
110
0
0
0
0
0
0
0
1
0
1
0
0
10
0
1
0
2
1
0
15
1
1
2
1
0
0
40
1
1
0
1
1
0
5
2
1
1
2
0
0
35
2
1
0
1
1
0
5
3
1
4
3
0
0
90
3
0.5
2
0
1
0
25
-1
0
0
0
0
0
0
4
0.5
0
0
0
0
0
-1
0
0
0
0
0
0
-1
0
0
0
0
0
0
-1
0
0
0
0
0
0
-1
0
0
0
0
0
0
-1
0
0
0
0
0
0
-1
0
0
0
0
0
0
27
8
0
390
65
20
5
15
220
4
20
0
0
0
0
0
0
0
0.5
2
0
0
0
30
0
1
0
2
0
0
20
1
1
0
1
0
0
10
1
1
0
0
0
0
0
2
1
3
6
0
0
105
2
1
0
0
0
0
0
3
0.5
0
1
0
0
10
3
1
1
1
0
0
25
4
0
0
0
0
0
0
-1
0
0
0
0
0
0
5
1
0
2
1
0
15
-1
0
0
0
0
0
0
-1
0
0
0
0
0
0
-1
0
0
0
0
0
0
-1
0
0
0
0
0
0
-1
0
0
0
0
0
0
28
9
2
125
360
20
5
6
60
11
260
0
0
0
0
0
0
0
0.5
0
0
0
0
0
0
1
0
0
1
0
-5
1
1
0
2
0
0
20
1
1
1
0
0
0
15
2
0.5
0
0
0
0
0
2
0
0
0
0
0
0
3
1
2
1
1
0
35
3
1
0
2
0
0
20
4
0
0
0
0
0
0
4
1
1
7
3
0
70
5
1
0
1
0
0
10
-1
0
0
0
0
0
0
-1
0
0
0
0
0
0
-1
0
0
0
0
0
0
-1
0
0
0
0
0
0
-1
0
0
0
0
0
0
29
6
10
175
215
20
5
8
90
9
120
0
0
0
0
0
0
0
1
2
5
1
0
75
0
1
1
0
1
0
10
1
1
0
1
0
0
10
1
1
0
4
0
0
40
2
1
0
0
0
0
0
2
1
2
2
1
0
45
3
0
0
0
0
0
0
-1
0
0
0
0
0
0
-1
0
0
0
0
0
0
-1
0
0
0
0
0
0
-1
0
0
0
0
0
0
-1
0
0
0
0
0
0
-1
0
0
0
0
0
0
-1
0
0
0
0
0
0
-1
0
0
0
0
0
0
-1
0
0
0
0
0
0
30
0
4
50
400
20
6
2
30
15
250
0
0
0
0
0
0
0
1
0
1
0
0
10
0
1
0
2
0
0
20
1
1
0
1
0
0
10
1
1
0
6
1
0
55
2
1
0
0
0
0
0
2
1
0
3
0
0
30
3
1
0
0
0
0
0
3
1
2
2
1
0
45
-1
0
0
0
0
0
0
-1
0
0
0
0
0
0
-1
0
0
0
0
0
0
-1
0
0
0
0
0
0
-1
0
0
0
0
0
0
-1
0
0
0
0
0
0
-1
0
0
0
0
0
0
-1
0
0
0
0
0
0
31
8
2
155
450
20
6
6
100
14
310
0
0
0
0
0
0
0
1
0
1
0
0
10
0
1
0
3
1
0
25
1
0
0
0
0
0
0
1
0
0
0
0
0
0
2
1
1
3
0
0
45
2
1
0
1
0
0
10
3
1
0
0
1
0
-5
3
1
1
4
1
0
50
4
0.5
0
0
1
0
-5
4
1
2
3
1
0
55
5
0.5
0
1
0
0
10
-1
0
0
0
0
0
0
-1
0
0
0
0
0
0
-1
0
0
0
0
0
0
-1
0
0
0
0
0
0
-1
0
0
0
0
0
0
32
3
12
435
60
20
6
15
300
3
30
0
0
0
0
0
0
0
1
1
1
0
0
25
0
0.5
0
0
0
0
0
1
1
0
1
0
0
10
1
1
0
2
0
0
20
2
1
0
4
1
0
35
2
1
0
0
0
0
0
3
1
0
8
3
0
65
3
1
0
1
0
0
10
-1
0
0
0
0
0
0
4
0.5
0
0
0
0
0
-1
0
0
0
0
0
0
-1
0
0
0
0
0
0
-1
0
0
0
0
0
0
-1
0
0
0
0
0
0
-1
0
0
0
0
0
0
-1
0
0
0
0
0
0
33
9
1
120
290
20
6
5
70
11
190
0
0
0
0
0
0
0
0
0
0
0
0
0
0
0.5
0
0
0
0
0
1
1
0
3
0
0
30
1
1
0
1
1
0
5
2
1
0
0
0
0
0
2
0
0
0
0
0
0
3
1
0
1
0
0
10
3
0.5
0
0
0
0
0
4
0
0
0
0
0
0
4
0.5
0
4
1
0
35
5
1
0
1
0
0
10
5
1
0
5
0
0
50
-1
0
0
0
0
0
0
6
0
0
0
0
0
0
-1
0
0
0
0
0
0
7
0.5
0
1
0
0
10
34
11
6
370
80
20
6
13
230
5
30
0
0
0
0
0
0
0
1
0
0
0
0
0
0
1
1
3
0
0
45
1
1
2
0
0
0
30
1
1
0
1
1
0
5
2
0.5
0
0
0
0
0
2
1
0
0
0
0
0
3
1
0
10
0
0
100
3
0
0
0
0
0
0
4
0.5
0
1
0
0
10
-1
0
0
0
0
0
0
-1
0
0
0
0
0
0
-1
0
0
0
0
0
0
-1
0
0
0
0
0
0
-1
0
0
0
0
0
0
-1
0
0
0
0
0
0
-1
0
0
0
0
0
0
35
13
10
245
170
20
6
10
150
7
100
0
0
0
0
0
0
0
0.5
0
1
0
0
10
0
1
1
0
0
0
15
1
1
1
3
1
0
40
1
1
1
4
1
0
50
2
0.5
0
0
1
0
-5
2
1
1
0
2
0
5
3
1
0
4
0
0
40
-1
0
0
0
0
0
0
4
1
0
1
0
0
10
-1
0
0
0
0
0
0
-1
0
0
0
0
0
0
-1
0
0
0
0
0
0
-1
0
0
0
0
0
0
-1
0
0
0
0
0
0
-1
0
0
0
0
0
0
-1
0
0
0
0
0
0
36
9
5
135
230
20
7
6
70
11
100
0
0
0
0
0
0
0
0
0
0
0
0
0
0
0
0
0
0
0
0
1
1
0
1
0
0
10
1
1
2
2
0
0
50
2
0.5
0
0
0
0
0
2
1
0
0
0
0
0
3
1
1
1
0
0
25
3
1
1
1
0
0
25
4
0.5
0
0
0
0
0
4
1
1
4
0
0
55
5
1
0
3
0
0
30
-1
0
0
0
0
0
0
-1
0
0
0
0
0
0
-1
0
0
0
0
0
0
-1
0
0
0
0
0
0
-1
0
0
0
0
0
0
37
10
12
235
125
20
7
12
130
4
80
0
0
0
0
0
0
0
1
1
2
1
0
30
0
0
0
0
0
0
0
1
1
0
8
1
0
75
1
1
0
2
0
0
20
2
1
0
1
2
0
0
2
1
1
0
0
0
15
-1
0
0
0
0
0
0
3
1
0
1
0
0
10
-1
0
0
0
0
0
0
4
1
0
0
0
0
0
-1
0
0
0
0
0
0
-1
0
0
0
0
0
0
-1
0
0
0
0
0
0
-1
0
0
0
0
0
0
-1
0
0
0
0
0
0
-1
0
0
0
0
0
0
38
8
1
390
170
20
7
13
260
7
100
0
0
0
0
0
0
0
0.5
1
0
0
0
15
0
0
0
0
0
0
0
1
0
0
0
0
0
0
1
0
0
0
0
0
0
2
1
1
2
1
0
30
2
0
0
0
0
0
0
3
1
0
5
0
0
50
3
0
0
0
0
0
0
4
1
0
3
1
0
25
4
1
0
3
0
0
30
5
0.5
0
1
0
0
10
5
1
0
0
1
0
-5
-1
0
0
0
0
0
0
6
1
0
3
0
0
30
-1
0
0
0
0
0
0
7
1
1
0
0
0
15
39
11
13
170
230
20
7
7
100
10
140
0
0
0
0
0
0
0
1
0
0
0
0
0
0
0
0
0
0
0
0
1
1
0
0
1
0
-5
1
1
1
2
0
0
35
2
0.5
0
1
0
0
10
2
1
0
2
0
0
20
3
1
2
4
1
0
65
3
1
0
2
1
0
15
4
0.5
0
0
0
0
0
4
1
0
3
2
0
20
-1
0
0
0
0
0
0
-1
0
0
0
0
0
0
-1
0
0
0
0
0
0
-1
0
0
0
0
0
0
-1
0
0
0
0
0
0
-1
0
0
0
0
0
0
40
7
3
390
290
20
7
12
240
8
190
0
0
0
0
0
0
0
1
0
1
0
0
10
0
1
1
0
0
0
15
1
1
1
2
0
0
35
1
1
1
1
0
0
25
2
0
0
0
0
0
0
2
1
0
0
1
0
-5
3
1
4
3
0
0
90
3
1
3
2
0
0
65
4
1
1
0
0
0
15
-1
0
0
0
0
0
0
-1
0
0
0
0
0
0
-1
0
0
0
0
0
0
-1
0
0
0
0
0
0
-1
0
0
0
0
0
0
-1
0
0
0
0
0
0
-1
0
0
0
0
0
0
41
2
4
490
150
20
7
14
330
6
90
0
0
0
0
0
0
0
1
1
1
0
0
25
0
1
0
0
0
0
0
1
1
0
1
0
0
10
1
1
2
2
0
0
50
2
0
0
0
0
0
0
2
1
0
0
2
0
-10
3
1
4
1
0
0
70
3
1
0
2
0
0
20
4
1
0
6
1
0
55
-1
0
0
0
0
0
0
-1
0
0
0
0
0
0
-1
0
0
0
0
0
0
-1
0
0
0
0
0
0
-1
0
0
0
0
0
0
-1
0
0
0
0
0
0
-1
0
0
0
0
0
0
42
9
3
95
425
20
1
4
50
12
300
0
0
0
0
0
0
0
0
0
0
0
0
0
0
1
0
1
0
0
10
1
1
0
0
0
0
0
1
1
0
2
1
0
15
2
1
1
1
0
0
25
2
1
0
2
0
0
20
3
1
0
0
0
0
0
3
1
5
2
3
0
80
4
0
0
0
0
0
0
-1
0
0
0
0
0
0
5
1
0
2
0
0
20
-1
0
0
0
0
0
0
-1
0
0
0
0
0
0
-1
0
0
0
0
0
0
-1
0
0
0
0
0
0
-1
0
0
0
0
0
0
43
6
0
110
150
20
7
7
40
8
80
0
0
0
0
0
0
0
1
1
5
1
0
60
0
1
0
3
1
0
25
1
1
0
1
0
0
10
1
1
0
1
0
0
10
2
1
0
0
0
0
0
2
1
0
2
0
0
20
3
0
0
0
0
0
0
3
1
0
2
1
0
15
-1
0
0
0
0
0
0
-1
0
0
0
0
0
0
-1
0
0
0
0
0
0
-1
0
0
0
0
0
0
-1
0
0
0
0
0
0
-1
0
0
0
0
0
0
-1
0
0
0
0
0
0
-1
0
0
0
0
0
0
44
5
7
120
425
20
6
6
60
13
280
0
0
0
0
0
0
0
0
0
0
0
0
0
0
1
2
3
0
0
60
1
1
1
3
0
0
45
1
0.5
0
0
1
0
-5
2
1
0
1
1
0
5
2
1
1
3
0
0
45
3
1
0
0
0
0
0
3
1
1
1
2
0
15
4
1
0
1
0
0
10
4
0.5
2
0
0
0
30
-1
0
0
0
0
0
0
-1
0
0
0
0
0
0
-1
0
0
0
0
0
0
-1
0
0
0
0
0
0
-1
0
0
0
0
0
0
-1
0
0
0
0
0
0
45
11
4
120
350
20
5
6
60
14
180
0
0
0
0
0
0
0
0.5
0
0
0
0
0
0
1
0
1
0
0
10
1
1
1
0
0
0
15
1
1
1
2
0
0
35
2
1
0
2
0
0
20
2
1
3
1
2
0
45
3
1
0
3
1
0
25
3
1
4
2
0
0
80
4
0.5
0
0
0
0
0
-1
0
0
0
0
0
0
-1
0
0
0
0
0
0
-1
0
0
0
0
0
0
-1
0
0
0
0
0
0
-1
0
0
0
0
0
0
-1
0
0
0
0
0
0
-1
0
0
0
0
0
0
46
1
12
300
50
20
4
12
180
3
20
0
0
0
0
0
0
0
0
0
0
0
0
0
0
1
0
0
0
0
0
1
1
0
2
0
0
20
1
1
1
1
0
0
25
2
0.5
0
3
0
0
30
2
0
0
0
0
0
0
3
0.5
0
1
0
0
10
3
1
0
1
1
0
5
4
0.5
0
3
0
0
30
4
1
0
0
0
0
0
5
1
0
2
0
0
20
-1
0
0
0
0
0
0
6
0.5
0
1
0
0
10
-1
0
0
0
0
0
0
7
0
0
0
0
0
0
-1
0
0
0
0
0
0
47
8
10
415
80
20
3
13
270
4
40
0
0
0
0
0
0
0
1
2
4
0
0
70
0
1
0
0
0
0
0
1
0.5
0
0
0
0
0
1
1
1
2
0
0
35
2
1
0
4
0
0
40
2
1
0
1
1
0
5
3
1
1
2
0
0
35
-1
0
0
0
0
0
0
4
0.5
0
0
0
0
0
-1
0
0
0
0
0
0
5
0
0
0
0
0
0
-1
0
0
0
0
0
0
-1
0
0
0
0
0
0
-1
0
0
0
0
0
0
-1
0
0
0
0
0
0
-1
0
0
0
0
0
0
48
13
2
165
465
20
2
6
100
14
300
0
0
0
0
0
0
0
1
0
2
0
0
20
0
1
0
2
1
0
15
1
1
0
1
0
0
10
1
1
1
0
0
0
15
2
0.5
1
0
0
0
15
2
0
0
0
0
0
0
3
0.5
0
0
0
0
0
3
1
2
0
1
0
25
4
1
0
2
0
0
20
4
1
4
5
0
0
110
-1
0
0
0
0
0
0
-1
0
0
0
0
0
0
-1
0
0
0
0
0
0
-1
0
0
0
0
0
0
-1
0
0
0
0
0
0
-1
0
0
0
0
0
0
1
1
3
0
1
3
254
1
1
1
1
1
1
1
0
1
4
LQBA Louisiana State Championship




0
_rounds.html
_standings.html
_individuals.html
_games.html
_teamdetail.html
_playerdetail.html
_statkey.html

2
A
B
14
0
0
0
1
0
0
1
1
0
0
1
1
1
1
15
10
-5
0
0
14
0
0
0
0
0
0
0
0
0
0
0
0
0
0
